A: 0.2521271053751956
B: 0.1393061853185386
C: 0.1513064898667053
D: 0.11890782257353921
E: 0.1870459069993161
F: 0.1513064898667053
