A: 0.25203637602817186
B: 0.1393065091825108
C: 0.15129376593475072
D: 0.11896297277689881
E: 0.18710661014291716
F: 0.15129376593475072
